id,label
301118,1
300277,2
301589,1
303135,1
303052,2
301767,2
302619,1
303090,1
303346,2
301793,1
301080,1
303037,2
300634,1
300094,1
303338,1
300960,1
301168,1
304144,1
300155,1
300126,1
301208,1
301492,1
303626,2
301004,1
301599,1
303971,1
304025,2
304587,1
301698,1
304491,2
300434,1
301925,1
300712,2
304056,1
301093,1
304975,1
302491,2
304707,1
301351,1
300565,1
303168,1
300420,1
304934,2
301786,1
302716,2
300482,1
302794,1
300760,1
302748,1
304669,1
304667,2
300182,3
300840,1
300203,2
300177,2
304829,1
304643,3
301313,1
303207,2
301741,1
300870,3
302575,1
304989,1
303518,1
304714,1
301725,3
302087,2
302855,1
303373,1
304493,2
303607,2
303143,1
303634,1
302153,1
304854,1
302780,2
301469,1
302078,1
300456,2
300298,1
304634,1
302229,1
303155,1
301457,2
303678,2
304752,1
302916,1
301552,2
302404,2
301366,1
303612,1
303885,1
303528,1
302301,1
302821,1
301527,2
304503,1
301489,2
304240,2
301672,2
302696,1
303633,2
300519,1
301092,1
304664,1
304570,1
301586,2
301658,1
300075,2
301971,1
301660,3
301515,1
304685,1
304006,2
300883,2
302143,1
304631,1
302098,2
303462,3
303077,1
303604,2
304059,1
300163,2
300546,1
303490,2
302980,1
301955,1
303161,1
300629,2
301519,1
302184,2
303787,2
300253,2
301076,1
304219,1
301576,1
301894,1
302431,1
304019,1
303175,2
304998,1
303132,1
301656,2
300708,2
300408,1
304472,1
302503,1
303849,1
303610,2
300187,1
301523,1
304723,2
303480,2
303632,3
303625,1
302403,1
301474,1
304542,1
300590,1
303376,1
302006,1
300863,1
302760,2
304711,2
301099,1
301826,1
301943,2
301435,2
300759,1
303539,1
302618,1
301119,2
300023,2
303855,1
303149,1
303602,2
304697,1
301917,2
304708,1
300586,1
304947,1
304796,2
303785,1
301360,1
303200,1
304555,1
301507,2
304382,1
304530,2
300610,2
301881,1
301278,1
303567,1
301333,1
301273,1
303073,1
300928,1
304699,2
303443,1
302709,2
301283,1
303621,1
303429,1
301938,1
303416,1
301084,1
301521,1
303473,1
304145,2
304231,1
304639,1
301880,3
300158,1
302292,1
304455,2
303513,1
301905,3
302877,2
301584,1
304335,1
303327,1
304666,1
303485,2
303560,3
303986,1
300297,1
303481,2
303463,1
304994,1
300700,1
303228,1
302650,2
301052,1
301860,3
302645,1
300169,2
303875,1
301209,1
301641,1
304521,1
304286,1
300029,1
304730,1
304670,2
301946,1
301254,1
304713,1
304132,1
304655,1
301530,1
304199,1
300602,1
300985,1
301477,1
300604,1
302008,1
303671,3
304763,1
302511,2
300531,2
300827,1
303963,1
301737,1
304863,2
302994,2
303725,1
300017,1
300952,1
302204,2
301148,1
303029,1
303896,2
304494,1
302209,2
301794,1
300823,1
304273,2
303336,1
303743,1
301133,1
300289,1
302411,1
301201,1
304485,1
301790,2
303447,1
303009,1
303454,1
304799,2
300515,1
301812,2
302142,2
301665,1
303026,2
300108,1
301920,1
304411,1
300113,1
300661,1
301798,2
304086,2
304728,1
302666,1
303510,1
302862,1
304743,1
302041,1
301328,2
303085,2
300810,1
303719,1
301234,1
303669,2
300841,1
301245,1
304246,1
303823,1
302131,1
303007,1
300063,2
301055,2
300570,1
301358,1
303064,1
302316,1
302756,1
303441,1
300326,1
303608,1
300806,1
304531,2
300601,2
303021,1
304042,1
303125,1
304801,1
302043,2
304093,1
304237,1
300522,2
301211,2
303501,1
304687,2
301260,2
302032,1
302274,2
302345,2
302162,1
303536,1
303459,1
302809,1
301304,1
300217,1
302225,1
302641,1
304528,2
301033,2
302494,1
303332,1
304968,1
303588,1
300850,3
304480,1
300151,2
303499,1
304079,2
304568,2
303417,2
301861,2
302574,1
301397,1
304390,1
304605,1
303653,1
304069,2
300849,2
302425,1
302603,1
302106,1
302812,2
302121,2
304726,1
302409,1
304773,1
302945,1
303761,1
300308,1
301977,2
304502,1
300703,1
304924,1
300672,1
300383,1
301468,1
302389,2
301262,1
300331,2
300322,2
302490,1
301781,2
304805,1
301991,2
303903,1
302736,1
304318,1
301813,1
304383,1
303860,3
304205,1
302636,1
302523,1
301395,1
301380,2
303954,1
300788,2
301263,1
301363,1
301684,3
302352,3
300798,1
304992,1
303713,1
303011,2
302871,1
303606,2
302407,2
302116,3
302633,2
302328,1
302563,2
304023,1
301286,3
304820,1
300365,3
304879,1
304575,2
300441,2
303909,1
300062,1
301229,1
304011,1
303503,2
301340,2
300999,2
302385,1
300537,3
303807,2
302185,2
304816,1
301998,1
303788,2
300154,1
302343,2
300955,1
300213,1
300413,1
304067,1
300296,1
303203,1
301828,2
303468,3
300859,2
300790,1
303313,1
303057,1
304140,1
301324,2
303253,1
301028,1
300543,1
304255,1
300811,1
304046,3
301609,1
303880,1
301422,1
302522,1
301924,2
303783,1
302898,1
300820,2
302255,3
301123,1
300983,1
300404,1
302528,3
303453,2
300687,1
304646,1
301573,1
301041,2
304003,3
301536,1
300403,2
301057,1
304130,1
302224,1
301403,2
300183,1
302387,2
300225,1
302918,1
303673,2
300088,2
301774,3
302351,1
301228,1
300835,3
304614,1
300049,1
301451,1
303133,1
304788,2
300424,2
304173,2
304375,1
303694,1
301060,1
303312,2
302256,2
304151,2
300763,1
300256,1
303154,1
302497,2
304410,1
302940,1
303173,3
303013,1
300812,2
304221,2
302179,1
302171,1
300544,1
302583,1
303440,3
304840,1
302857,3
302100,1
301012,2
302697,1
300825,1
304122,1
301996,2
300294,1
304250,2
303628,1
300364,1
300580,1
301393,1
301095,1
304044,1
300603,1
300912,1
300021,1
300010,1
303165,1
300528,2
301701,1
300215,1
301279,1
301642,1
303121,2
304201,1
304642,1
304967,2
303129,1
303650,2
304338,2
304066,2
301216,2
303698,2
301019,2
300729,1
303958,1
304275,2
304004,1
304501,3
303008,3
302346,1
302850,2
302201,1
302840,1
300954,3
304249,1
304414,2
300718,2
302221,2
301875,2
300563,2
300737,1
304157,1
302973,1
301091,2
301555,2
302640,1
303277,1
303479,1
300323,1
304935,2
303148,1
304927,2
304451,1
304351,3
300785,2
303618,1
303914,1
304068,1
300414,1
302281,1
302924,2
302214,1
304082,2
302693,1
300508,1
300641,2
300752,1
302981,1
300084,1
301624,1
300778,2
301678,2
301592,1
300736,1
304959,3
301502,1
301758,1
301770,1
302903,2
304797,1
304727,1
302489,2
301827,2
304928,2
300100,3
302446,1
301225,1
303109,2
303236,1
301697,1
301556,1
301135,2
301287,2
302807,1
301318,3
302286,1
302388,1
300136,2
304629,2
303922,2
302275,1
302854,1
302508,1
304700,1
302324,2
301334,1
304010,2
301940,1
304999,2
304353,1
302695,1
303627,1
302824,1
304426,1
302925,1
301048,2
300210,2
300311,1
304061,2
303511,1
302496,1
304279,1
302332,2
302774,1
300004,1
302803,1
303306,1
303176,1
302198,1
303514,1
301440,2
304277,2
303925,1
304195,1
300860,2
302926,1
300559,2
303932,1
301354,2
303117,1
300789,1
303217,1
300884,1
300445,1
301731,1
302080,1
301103,2
301755,1
301932,3
303691,1
300124,1
300963,1
301470,1
303309,1
302284,1
303006,2
301068,1
303385,3
302989,2
303611,2
301433,1
301180,1
301986,1
303243,1
302930,1
303792,1
302910,1
301960,3
304825,2
301490,2
304280,1
302144,1
303234,2
301399,2
303934,1
304182,2
302841,1
304719,1
304558,1
303400,2
303232,1
303940,2
302608,1
302515,1
304756,2
302576,1
302227,1
300270,1
302535,2
302128,1
301186,1
301408,1
301222,1
301772,1
304851,2
303892,1
304496,2
304817,1
301401,2
301888,1
304738,1
300117,1
300498,1
304312,2
303655,2
300560,1
300714,1
300208,1
301141,2
301405,1
300815,1
301182,2
303904,1
301654,2
302873,2
300539,1
304468,1
304897,1
303542,2
304939,3
301582,1
304170,1
301512,1
300940,1
300782,2
304589,1
300314,1
301957,1
303348,1
302754,1
304845,1
303082,2
302944,1
301848,2
304424,3
301689,2
304165,2
303062,2
301514,1
303811,1
303808,1
302806,1
300370,1
304289,1
300107,1
301669,2
301266,1
303418,3
301967,1
303390,1
301350,2
304876,1
304483,1
301929,2
304436,1
302283,1
304686,1
303700,1
302805,2
301116,1
303101,1
303287,1
304644,1
302405,1
300573,2
300373,2
300901,1
301256,2
300339,2
304391,1
304321,2
303753,2
302067,2
302000,2
301010,1
301384,2
302042,1
303685,3
304254,2
303839,1
302234,3
303854,2
303545,1
302029,1
303663,2
302501,2
303487,2
301367,2
304944,1
302717,1
304755,2
300929,3
300064,1
301453,2
303638,2
304362,1
301645,1
302878,2
303252,2
301804,1
304557,2
303237,2
303192,1
301975,3
302073,1
304104,3
300654,1
304525,1
301150,2
300349,2
304981,1
300251,2
300674,1
303286,1
301268,1
303283,3
303110,1
300642,2
302644,1
301221,1
302921,1
303340,2
300541,2
300334,1
300463,2
300846,1
304308,2
303686,3
300359,1
303809,2
304024,1
303546,2
302775,1
304841,1
303134,1
304512,1
301637,1
304878,2
304419,1
300520,2
303931,1
302302,1
301751,1
304492,1
301463,2
302217,2
301681,1
304290,1
304437,1
304789,2
300514,1
300605,1
301994,2
302799,1
300751,2
302776,1
304301,1
304565,1
301476,1
304868,2
304091,1
300941,1
302692,1
304269,1
300516,3
302546,1
300141,1
304422,2
303394,1
302130,1
302482,1
300008,2
300853,2
304972,1
300743,1
301503,2
303660,1
301847,2
302092,1
302542,2
302747,2
300931,1
304294,1
302175,2
301191,1
301862,1
301243,3
304064,1
300348,2
301680,2
302730,1
301015,2
304760,1
302672,2
301753,1
304337,1
300477,1
304495,2
300997,3
301487,2
303715,1
304628,1
303835,2
301098,1
304832,1
303509,1
304964,1
302220,1
301686,1
300888,1
301418,3
301965,2
301046,2
301074,1
303842,1
300352,1
302093,1
302139,2
302053,2
300964,1
302613,1
301963,1
300260,3
300180,1
301743,1
300632,1
300971,1
300068,1
301779,1
300606,2
301165,2
301009,1
303589,1
301634,1
301423,1
303410,2
301836,3
300591,2
303742,1
301102,1
304504,2
302216,1
300357,1
301716,1
302419,3
303071,1
302105,1
300250,1
304877,1
303929,2
301292,3
300902,1
301017,1
303114,1
300439,1
304080,2
302750,1
304546,2
303357,3
302781,1
301846,1
303561,2
301067,1
304191,1
301739,1
300400,1
303648,1
302397,1
304913,1
303411,1
301509,2
300842,1
302949,2
303251,1
301348,2
302384,1
301143,1
300851,1
303741,1
302155,1
301411,1
302069,1
302813,1
301799,1
300011,1
300761,1
304931,1
300609,1
301704,2
300993,2
301065,1
301863,3
301284,3
302306,1
300009,1
302363,1
304893,1
302761,1
303187,2
300694,2
303866,1
301231,1
301855,1
304075,1
301563,1
301657,1
301038,1
302099,2
303762,1
302238,2
300146,1
304039,2
304404,2
302521,1
300305,3
300140,1
302038,1
303530,2
300435,1
303206,1
301567,1
303745,2
301995,1
304197,2
301620,2
303386,2
300908,2
303984,1
304214,1
301232,1
302551,3
302183,1
303431,1
302701,2
301805,1
300711,1
302505,1
300415,1
303639,1
301070,1
300881,1
300739,2
303724,1
301250,1
301322,2
303199,2
300161,1
304793,1
302341,2
303506,1
304921,2
300043,1
302333,1
302882,1
304285,1
302861,1
301985,1
302715,2
300830,1
303369,1
303523,1
303727,1
301288,1
302218,1
303668,2
304469,1
300460,1
301868,1
301528,1
302703,1
303797,2
302612,1
302520,1
301885,2
303003,2
304071,1
303208,2
302376,2
301484,1
300394,1
303728,1
304098,1
304048,1
300429,2
304166,1
304113,1
303451,1
304343,1
303266,1
304137,1
303614,1
302851,2
303366,1
303777,2
301285,1
301540,2
301539,1
301153,1
304054,1
300721,1
303024,1
302480,1
303097,1
301496,1
301045,1
301777,1
300933,1
304818,1
302675,2
300371,1
303076,1
301882,1
304933,1
303274,2
300525,1
301845,1
302085,2
302908,1
302195,2
304732,1
303946,2
303953,1
303756,2
304572,1
304538,2
300377,1
301163,3
302929,1
300207,2
301562,2
300648,1
304955,1
302003,1
304339,1
302355,2
300794,2
302051,2
300913,1
300622,1
304862,1
303445,1
300887,1
304915,1
300740,1
303120,2
300232,2
301247,1
302573,1
304859,1
300819,2
302728,1
301083,2
302829,2
302832,2
304922,1
301549,1
300698,2
300319,2
302207,1
300803,3
303979,1
301844,1
302590,1
303088,1
301566,1
301173,1
301954,1
300378,1
304031,3
300988,3
304630,1
301267,1
304081,1
301910,1
300090,2
303370,1
304159,2
301852,1
301196,1
300707,1
302368,1
302019,1
300534,1
300236,1
303036,1
300462,1
300005,1
304126,1
303215,1
300660,3
303592,2
301120,2
304814,2
300130,1
304198,1
303426,1
303732,1
304637,1
302152,1
302164,1
301595,1
303920,2
300542,1
302867,2
303315,1
300576,2
300862,1
302300,1
304442,1
302749,1
304089,2
300882,1
304420,2
301831,1
301297,3
301538,1
304088,1
300368,1
301729,2
304870,1
301062,1
300299,1
304902,3
302601,2
302984,1
302167,1
300594,1
303861,1
303339,1
303457,1
304905,1
304052,1
303708,1
304821,2
300992,1
302937,1
302770,3
300171,2
304153,1
300040,1
300070,1
301577,3
301533,1
302488,1
303522,3
302364,2
303043,1
301452,1
300391,1
303900,3
302169,1
301838,1
303957,1
301462,2
300662,2
303488,2
303852,1
303406,1
301149,2
300192,1
303046,1
300388,1
303819,3
304222,1
302629,1
304882,1
302336,2
302485,1
304446,1
300145,1
300198,2
302859,1
303587,2
302995,1
300195,1
301784,1
302174,1
304751,1
300344,1
303888,1
301937,1
303316,1
301594,1
304537,1
303212,1
304804,2
302401,1
303850,1
302028,1
301675,1
304384,1
302936,1
304747,2
302402,1
302614,1
304106,2
302737,2
301249,1
301312,1
300889,1
304526,2
301258,2
302798,1
303351,1
303367,2
302039,2
303640,1
301343,2
301172,1
300690,1
302203,1
304519,1
301590,1
302429,2
303744,1
303068,2
302365,1
304962,2
302024,2
304457,1
302400,3
303906,2
302561,1
301736,1
301466,1
301878,3
301349,1
301806,1
302378,1
303635,2
303692,1
301866,3
303554,2
302845,1
304597,1
302486,2
300769,1
304429,2
304580,3
302088,2
304114,1
300071,1
300216,2
301444,1
301450,2
304349,1
301317,1
303461,1
303000,1
302154,3
302653,2
301901,3
304233,2
303977,1
303586,1
301337,1
301471,2
303975,1
302271,1
303331,1
300220,2
301128,2
302101,1
301104,1
301700,2
304388,1
300354,1
304274,2
301699,1
304444,1
303598,1
302885,2
304489,1
303688,1
301956,2
300356,1
304143,1
301314,1
304943,1
304692,1
301643,1
301177,3
304936,1
304750,2
302975,2
301261,1
301908,3
303672,2
301054,1
301895,1
303865,1
303151,1
303241,2
302396,2
304826,1
302714,2
302200,1
302268,1
302223,1
302529,2
304319,2
301107,1
304952,2
304045,1
302766,2
303171,1
301368,1
301648,1
303396,1
302870,1
302793,1
301928,1
300450,3
302151,1
301583,1
303636,1
304328,2
300212,3
304746,3
303938,2
300598,2
304696,1
304918,2
303030,1
301291,2
302869,1
303955,1
304929,1
302296,2
301429,2
303164,1
302148,1
302858,2
303256,1
301724,1
303160,1
300564,1
303615,2
304742,1
302170,2
304705,1
303833,2
304207,3
301933,1
301335,2
300741,1
302233,3
304898,1
301396,1
302474,1
300052,1
304620,1
303290,1
302783,1
303834,1
303190,2
304055,1
302922,1
304477,1
302883,2
302985,1
300228,2
302810,1
304611,1
304355,2
301215,1
300353,3
301718,2
304149,1
303299,2
304476,1
301214,1
300651,1
303667,1
300917,1
301682,1
303571,1
302538,1
301244,1
303231,1
301185,1
302649,2
300221,1
302788,1
300719,2
304500,3
302240,1
303374,1
303191,3
301255,1
300852,2
301711,1
302391,1
302743,1
304295,1
304978,1
303800,1
303595,1
301417,1
304969,1
302035,1
300947,2
301765,2
300128,1
301493,1
304202,1
303404,3
302564,1
300536,2
304907,1
300746,2
304365,1
300592,1
301421,2
301183,2
301481,1
302593,3
303202,1
300944,1
303818,2
304837,1
302827,1
300495,1
303758,1
304156,1
300836,2
300644,1
304332,3
302251,1
304331,1
300310,1
300055,1
304262,1
301513,1
304872,2
301993,1
304396,1
301436,2
300283,1
304834,3
304904,1
303828,1
302767,2
304900,1
301870,1
300507,1
301446,1
301464,1
304083,1
304392,1
304310,1
302107,1
302802,2
303146,3
301061,3
300621,2
303894,1
304772,2
300030,1
303140,1
302278,1
303233,2
303368,1
304416,1
303643,2
301240,1
303214,1
304556,1
303055,1
304632,1
301455,1
303968,1
303048,1
302090,1
301152,3
300513,1
302089,1
302729,1
303379,1
300679,1
301617,2
302988,1
300144,2
301713,1
300981,1
302866,1
300832,1
304381,1
303733,2
304576,2
303491,2
301633,2
303949,1
302998,2
301077,2
302331,1
300596,1
301534,1
300787,1
303469,2
302347,1
304172,1
304105,1
304190,1
300178,3
300561,1
303337,1
301778,2
304152,1
304372,1
303075,1
302165,1
303815,1
302567,1
304013,1
304764,3
304096,2
304450,3
304564,2
304808,2
301002,1
302723,2
302344,2
304693,1
303778,1
303084,2
303976,3
301387,1
304668,1
302579,1
302219,1
303296,1
300485,1
303966,1
300245,1
300472,2
302722,1
302318,1
301204,1
301636,3
300939,2
304186,1
301565,1
302677,1
300922,1
301127,1
301816,1
304456,1
303729,2
302670,1
302786,3
300796,3
302658,1
301553,1
301316,1
303948,1
304970,2
302927,1
304256,1
304264,1
304208,1
301259,1
304447,1
304740,3
303320,1
301579,2
300987,1
304612,2
302356,1
304072,1
300856,1
301053,2
303504,1
302129,1
301034,1
303103,3
301079,2
303311,2
302513,1
300389,1
302919,1
304380,1
304147,2
301683,1
304058,1
301545,2
303196,1
303387,2
303645,1
304484,2
301355,1
301839,1
303517,1
300633,2
303272,2
304787,2
301235,1
301459,1
302441,3
303763,1
302915,1
303111,2
300688,1
301702,1
301947,1
304621,3
304987,2
303564,3
302339,1
301912,1
301210,2
303512,3
304036,1
300261,1
301833,2
301650,1
302202,1
304038,1
301981,1
303859,2
302931,1
300247,1
303329,1
303107,1
302250,2
302879,2
300599,1
302856,1
301803,1
304161,1
300416,1
304316,1
303739,1
302136,2
301090,1
302321,1
304532,2
302962,1
303784,2
304465,1
301800,1
304762,2
302103,1
301320,1
301071,1
304260,1
300330,2
302710,2
302525,1
300204,1
301414,2
300214,1
302050,2
302706,1
304169,1
304100,1
302005,2
303257,2
300246,1
300115,2
303032,1
302294,1
300512,2
303801,1
301495,1
301560,1
303982,1
303102,1
301223,1
303682,2
300567,2
304263,1
303442,1
302137,1
300505,1
304938,3
304385,1
303723,1
301257,1
303045,1
302017,3
304423,2
304606,1
303917,1
304234,1
300504,1
300278,1
301840,1
303223,1
303427,1
303180,1
304510,2
304406,1
300948,2
303025,1
300116,1
300304,2
302971,1
302049,1
301200,1
300927,1
302956,1
301978,1
304680,3
300395,1
304733,1
300032,2
302543,1
302285,2
301999,3
302156,1
302197,1
301997,1
301671,1
304481,1
301357,2
304009,1
301939,1
303448,1
300715,1
301662,2
303656,1
303131,1
300968,3
303863,1
303407,1
300611,1
300748,1
300962,1
302974,1
304864,1
302815,1
303683,1
301970,1
303887,1
304306,1
304276,2
300555,1
302456,1
301156,1
301980,1
303913,1
303822,1
300766,2
301935,2
302892,3
302058,1
304701,3
304885,2
300099,2
301458,1
301315,1
302467,1
302466,2
303844,2
304638,1
301491,1
302012,2
300800,2
300231,2
300618,2
300814,2
303965,2
301369,1
303455,1
304517,1
301131,1
303035,1
304765,1
302687,1
303380,2
304176,1
303044,1
305000,2
300861,1
302465,1
303793,1
304136,1
300745,1
302418,1
303384,1
301941,1
301311,3
300206,1
303926,1
302166,1
303065,1
304995,3
302122,1
304288,2
304302,1
301276,2
302738,3
304506,1
301176,2
304386,2
302847,1
302070,1
301050,1
301242,1
304690,1
303624,2
300813,2
304636,1
303716,1
301029,1
302340,1
304515,1
300608,2
303307,2
301082,3
303824,1
303526,1
303947,2
300550,1
304452,2
301140,1
304815,1
301607,1
303754,1
300551,1
301138,2
304748,1
302473,1
304412,1
303996,1
303978,1
303089,1
301877,1
300779,1
303268,2
302825,1
301205,2
302212,1
303078,2
304267,1
303261,1
301561,1
304313,1
304026,1
301976,1
300945,1
300120,1
300492,1
301331,1
302707,1
303572,2
301815,1
303566,1
302537,2
304769,2
303901,2
301327,1
302366,1
304102,1
303271,3
303766,2
300073,2
301352,1
300869,2
303495,1
304209,1
303211,1
304110,1
300421,1
302138,1
300562,1
304238,1
302079,1
303022,1
301460,2
300659,1
301608,1
302415,2
300067,1
304886,1
302796,1
303555,1
303942,2
300079,1
300016,1
302308,1
304846,1
300535,3
300774,1
304458,1
303541,2
303220,1
301916,1
302986,1
300483,1
301612,1
304049,1
303928,2
301652,2
302943,2
302287,1
304656,1
302758,1
302112,1
300909,1
300975,1
304242,1
301400,2
301817,1
302586,1
301811,2
301443,1
303147,1
302086,2
303174,2
304626,1
300533,1
301047,2
300650,1
302880,2
304899,1
304085,3
301175,1
304220,2
301606,1
300392,2
300658,1
301664,1
303156,1
302147,2
303817,1
301478,1
303138,1
300019,2
300631,1
300675,1
304842,2
302461,1
300756,2
302307,1
304658,1
301990,2
301085,2
300282,1
301851,1
300346,1
304946,2
303128,1
302435,2
302288,1
301379,1
300259,1
303321,2
304682,1
303840,2
304178,1
302477,1
300102,2
302357,2
300257,1
301630,1
302317,1
303799,1
302076,1
304268,1
303042,1
301434,2
300720,1
303674,2
301088,1
302647,1
302335,1
303582,1
303017,1
304305,1
303262,2
304651,2
300510,1
302814,1
300995,1
301717,2
304133,1
302342,2
304579,1
301761,1
304453,1
301338,1
304648,2
304734,2
302381,3
303347,2
304117,1
300044,1
302875,2
300833,1
300465,1
300625,1
303371,1
304215,1
303910,1
302852,3
302266,1
300123,3
304029,2
300419,1
300784,1
304665,2
304002,1
303012,2
300137,2
301326,1
301383,1
300396,1
300170,1
302664,1
303031,1
301871,2
300786,1
304791,2
302390,1
303704,1
302025,1
303116,1
302507,2
302902,1
301024,1
303494,1
301526,1
303596,2
300157,2
302605,1
303016,1
302933,1
300872,1
302034,1
303874,2
302934,3
300978,2
303647,1
301706,1
301282,2
302326,1
302002,1
304792,1
304487,1
304988,1
304807,1
303525,1
304574,1
300950,1
300172,1
304855,1
301864,2
300664,1
304950,1
300185,2
300677,1
300808,1
303343,2
301525,2
301404,1
301154,1
303962,1
301073,1
301720,2
304073,2
302558,1
300569,2
304206,1
301548,1
301890,1
303867,2
301629,1
301167,1
303923,2
302026,1
300991,1
301972,1
303014,2
303061,1
302868,1
303284,1
301181,1
304534,2
302289,1
302237,1
303740,1
303990,1
301651,1
300197,1
300436,2
303617,2
303247,2
302231,2
300727,2
301588,1
302359,1
303591,2
303574,1
303752,3
302541,2
303935,1
300074,1
303285,3
304779,1
301869,2
301670,2
303707,1
300744,1
300028,1
303764,2
304982,1
302987,1
301988,2
300269,2
304300,1
303439,1
301710,3
300320,1
300057,2
303877,1
304057,1
302967,1
302045,1
304661,1
302230,1
300990,1
300387,1
300098,2
303654,1
301051,1
302712,1
303099,2
304860,2
302178,2
302210,3
301569,1
304961,2
304983,2
302215,2
302517,2
303757,1
300034,2
301823,1
300653,1
304363,1
302957,3
301674,2
300038,1
300241,1
301486,1
303943,2
300275,2
302617,2
303382,1
300194,1
300273,1
303375,3
300566,1
302844,2
303139,1
303472,1
304047,2
302509,2
303619,2
303999,1
300374,2
302996,2
302298,1
302514,1
302762,1
304297,2
303248,1
302265,1
302682,1
300382,1
304591,1
303562,2
304754,2
300585,1
302853,1
300327,1
300914,1
301973,1
300620,2
300468,2
302570,1
303172,1
304001,2
301593,2
300670,2
300867,1
303498,1
300725,3
303760,2
301705,1
300167,1
304539,3
301802,1
300139,1
301325,1
304615,1
304768,3
303709,3
302556,1
303830,1
302358,1
303027,2
300886,1
300667,1
304341,1
304906,2
302604,1
302091,1
303773,3
301482,1
304720,1
300291,1
302114,2
302899,1
300375,1
304559,1
302168,1
302362,1
301361,1
302044,1
300776,1
301192,1
302065,1
301049,1
302952,1
302920,1
302244,1
304021,2
301449,1
302004,1
300164,2
304974,1
300274,2
304838,1
302245,1
303381,1
300233,2
301044,2
300942,1
300617,1
300822,1
304016,2
303028,1
300422,2
301305,1
301274,1
303059,3
303697,1
301115,2
303460,1
302732,1
301465,1
300410,2
301161,1
304248,2
303464,1
304354,1
303883,1
301691,1
303115,1
300671,2
301902,1
303836,2
302299,1
300020,1
300058,1
302795,1
301226,1
304018,1
301306,1
300087,2
301014,2
301130,2
300234,1
303091,1
302502,1
301795,1
304103,2
301415,2
304831,1
302445,1
301752,2
302457,1
304583,1
304545,1
300474,1
304925,2
302589,1
301271,1
304015,1
301081,1
301072,1
302510,2
304470,1
304679,2
303680,1
300106,2
301783,1
301308,1
301949,3
303377,1
300229,2
300669,1
304188,1
302606,1
300001,1
302913,3
303018,1
303768,2
304012,1
301461,1
302279,1
302013,2
302370,2
304092,1
303959,1
302702,2
302549,3
304888,1
301927,2
302426,1
300770,2
304402,1
300636,1
304759,1
302979,1
304932,1
303010,1
304340,1
304725,2
302160,1
300866,2
303095,1
301740,1
303580,1
302450,1
300343,1
300114,1
304873,1
303058,1
300801,1
302504,2
302630,1
301615,2
301707,1
304891,1
302559,3
301635,1
301887,2
303726,1
301727,2
302304,1
300915,1
303361,2
303886,1
304741,1
303054,1
301762,1
304060,1
300223,1
302557,2
303832,2
302119,1
302206,2
302656,1
304272,2
300033,1
300692,1
302295,1
304101,2
300526,3
301585,1
301307,1
300329,2
303642,2
302622,1
302631,1
300018,2
304116,3
302273,1
300857,1
303899,3
301722,3
304479,1
304883,1
303413,1
301677,1
300938,3
304131,1
301883,1
300242,1
301510,2
303198,1
302890,1
303616,2
302126,1
301105,2
301822,1
302992,1
300488,1
304608,2
300133,1
300655,1
303937,2
304547,1
301558,2
300949,1
302955,2
304200,1
304600,2
300649,1
304794,2
301858,1
301647,1
301959,1
303428,1
303235,1
300188,3
304511,1
304227,1
301416,2
301744,1
301554,2
300588,2
303960,2
302261,1
302663,1
304430,2
303446,1
300501,2
300324,1
304795,1
300568,1
301431,3
300056,2
300877,1
300007,1
301059,1
302785,2
302742,1
301293,1
301159,1
302057,1
300176,1
303002,1
301075,2
301923,1
304020,1
302822,1
300697,1
303918,1
302751,3
304307,1
302252,1
303769,1
302476,1
304394,1
303812,2
304672,1
300335,1
302624,1
303183,1
304467,1
302597,2
303749,1
303912,1
303372,1
301984,2
302241,1
304017,1
300267,1
300337,1
300048,1
301194,1
301438,2
300222,2
300362,1
300097,1
303532,1
304508,2
302887,1
302846,1
304710,2
302327,1
301551,1
303292,2
303967,1
304270,3
303676,1
302382,2
303675,2
304282,1
303069,2
300286,2
303557,2
300211,2
302733,1
302181,1
301603,1
303535,1
300333,2
301006,3
301821,2
303919,1
302353,1
303040,1
302021,1
303969,1
304303,1
303334,1
300924,1
303080,1
303629,2
301907,1
304028,1
304239,1
304678,3
300082,1
302625,2
300583,1
300384,2
303254,2
304127,3
302667,2
302571,1
303858,1
300817,1
303218,1
301788,3
302188,1
302746,1
302055,1
300920,2
302495,1
302095,2
302423,1
304359,1
304418,2
303782,1
301336,2
304261,1
301087,1
304585,1
304482,1
304400,1
302064,2
304782,2
304034,2
303269,1
300762,1
301301,1
302460,1
303581,1
301238,1
303502,1
301178,2
301483,2
304911,1
304694,1
304914,1
301213,1
300758,1
301865,2
304184,2
302350,1
301039,1
302553,1
300458,1
302626,1
302361,1
300797,2
302458,2
300976,1
302646,2
303841,1
301531,2
304894,2
300503,2
301356,1
304507,2
303167,2
303878,1
304345,1
301819,1
302681,2
300713,2
302828,1
301441,2
302999,1
303278,1
303652,1
302527,1
300847,1
303964,2
301193,2
302371,2
300426,1
300771,1
304211,1
302211,1
302109,2
303145,1
302475,1
301253,2
300965,2
303795,2
304379,1
300406,1
301114,1
303364,1
302881,2
303597,2
301948,2
302104,1
303264,1
302782,1
302671,1
303864,1
301375,2
301199,1
302970,1
304584,2
301692,2
301448,1
303113,1
303081,1
303141,1
304541,1
303489,1
302818,2
303194,1
302048,1
302990,1
304329,1
300295,1
304736,1
301420,1
300919,1
300755,1
303317,1
302727,1
302001,1
301879,1
301037,1
304749,1
303798,1
304973,1
303087,3
303507,1
302161,1
300911,1
304619,2
304007,1
302651,2
300160,1
300509,1
300366,1
302874,1
302683,1
302771,1
303201,2
300572,1
300723,1
304659,1
303563,2
304433,1
302763,3
303868,1
304771,1
300530,1
304095,1
304454,3
303630,1
304945,1
301480,1
301688,2
301372,2
304265,2
304499,1
300595,2
301332,1
302637,1
300628,1
304298,1
304497,2
304112,1
303718,2
301494,3
304292,1
301605,1
302379,1
301003,1
301856,1
302581,1
304867,3
304478,1
302117,1
304649,2
304139,2
301974,2
300584,1
304217,2
303882,1
300350,1
302506,2
303995,1
304660,1
300342,1
303318,1
303476,1
301011,1
302965,1
303658,1
302947,1
302533,1
300783,1
302512,1
303267,1
304663,1
302440,1
304108,1
303972,1
304784,3
301785,1
302422,2
303226,1
301575,1
302911,2
304781,1
303360,2
303137,1
302966,1
304099,1
304037,1
302125,1
300582,3
302540,1
303122,3
302259,1
304954,2
302430,2
302040,3
304652,2
301896,1
300969,2
300268,1
301126,2
304323,3
304405,3
300047,1
302801,2
302536,1
301628,3
303796,1
301958,2
302547,2
302860,1
304613,3
300036,1
300858,1
304553,1
304916,2
304890,1
304786,1
304150,1
303402,1
301979,1
303584,2
304142,1
301000,2
302108,1
303475,1
300453,2
301745,2
300199,2
304459,1
300638,1
302061,2
304124,1
302072,1
301874,2
300328,1
303050,2
303737,1
300579,1
304097,1
301696,1
303781,1
303838,1
301568,1
300143,3
301094,1
301339,1
302735,1
304213,1
303670,1
302789,1
303590,1
303547,1
300104,1
303759,1
304360,1
302498,2
300891,1
301412,1
304401,1
303067,3
303720,1
300433,1
301685,1
304647,2
304014,1
301936,1
300129,2
301919,1
302159,1
300581,1
301945,2
300091,1
302213,3
300614,1
302607,1
304550,1
302578,2
300757,2
304811,1
302157,3
303222,1
300838,3
304284,1
300022,1
303478,2
302691,2
301841,1
303970,3
304965,2
300266,1
303053,1
300338,1
303184,1
304523,1
302530,1
301983,1
302772,2
303245,2
300557,1
301867,2
303558,1
304590,1
302010,2
303951,1
301809,2
302454,1
304979,1
304919,2
300024,2
304251,2
303456,1
304333,1
302661,1
302694,2
304980,1
303693,1
303992,1
302084,2
302889,1
300226,1
302704,2
302242,1
301598,1
301246,1
300680,1
304460,1
301676,3
304689,3
304598,1
302464,3
302800,1
303397,1
304278,1
303936,2
302865,3
300685,2
303927,3
301036,2
301121,3
300321,2
301604,2
304866,1
304473,3
304540,1
301413,1
301239,1
303573,2
304684,2
303556,2
303579,1
304790,1
301631,2
303879,2
302413,2
301709,1
302611,2
303871,2
302759,1
300854,1
303435,1
303350,1
303644,1
304903,1
300768,1
301918,1
303354,2
300665,1
303987,1
300078,1
304926,1
304194,1
301032,1
302186,1
303356,1
304395,1
301687,2
300807,1
304554,2
301625,2
303465,1
304183,2
300497,2
304505,1
302334,1
304448,2
304709,1
300486,3
301296,1
301162,1
302414,1
302834,1
302141,1
304912,1
300148,1
303529,1
301931,1
303998,1
303825,1
304185,1
301473,2
300135,1
303398,1
303363,1
300613,1
303730,1
301516,2
302923,1
304218,1
304622,1
301341,1
303961,3
300730,1
301723,2
302291,2
304463,2
300980,2
302349,1
300735,1
303537,1
302313,2
302554,2
300910,2
304941,2
303219,2
304715,1
303837,2
304871,1
301787,1
304408,1
301857,1
300165,1
300652,1
304398,1
302189,2
304985,3
301026,1
300095,1
301456,2
304087,1
302864,2
300276,1
303333,2
300961,1
303659,1
300970,1
300828,3
302323,3
303049,2
303070,1
301982,1
302961,1
304910,1
304032,1
301171,1
304798,1
301904,1
300432,2
302096,1
301365,1
303001,1
300306,2
300093,1
300042,1
301290,2
302816,2
302609,3
303275,2
304035,1
302886,1
300412,2
300793,2
302585,1
303153,1
301206,1
302247,2
301715,1
304830,2
300705,1
303701,1
300061,1
300532,2
303433,1
301644,1
301756,2
303805,2
303687,1
301264,2
301600,1
304810,2
304374,3
301111,1
304800,1
302909,1
303169,1
304861,1
302584,2
302669,3
300083,2
304560,1
304520,1
303179,1
303620,1
301989,1
304853,1
300977,2
303991,1
301485,1
302768,1
300476,3
300271,1
300281,3
304596,1
303378,1
301611,2
303981,1
301791,1
301346,2
304141,1
301759,1
303735,1
304291,2
303568,1
304618,3
302134,2
303100,2
301930,2
304403,1
304561,1
302569,1
302792,1
303326,2
303881,1
303066,1
301572,1
304155,3
303609,1
304223,1
304948,2
301934,2
304735,2
302226,1
302158,2
301520,2
300086,2
304624,1
301020,1
304889,1
304257,2
301550,1
300027,1
301265,1
301179,1
302905,1
304536,1
303578,1
302718,1
301499,1
302420,1
303415,1
304571,3
302884,1
304996,2
301522,1
303189,1
300156,1
303872,2
304824,3
304175,1
302410,3
304745,1
304000,1
303365,1
300733,3
300150,3
302354,2
301108,1
300982,2
302848,3
300571,2
301961,1
304330,1
303748,1
302074,2
301808,1
301025,1
302077,1
300676,3
301157,3
301601,2
301027,2
300399,3
301275,1
303755,1
301801,1
303813,1
300031,1
301602,2
300303,2
303853,2
304366,1
304315,2
302235,1
303119,2
301661,1
300262,1
304225,1
301043,1
300255,1
304775,1
304949,3
301203,1
304588,1
303802,1
304674,1
302367,1
303195,2
302140,2
300689,1
304645,1
304041,1
303294,1
300747,1
300691,1
304717,1
300080,2
300122,1
300896,1
304874,1
301035,2
304518,1
304847,2
300972,2
302588,1
302442,1
303034,2
301124,1
303747,1
302566,1
300553,1
300848,1
301616,1
302047,3
300427,2
304346,1
302700,2
301381,1
301302,1
304529,1
303631,2
303898,1
300874,1
303019,1
303083,2
300332,2
302778,1
301597,1
303774,2
303230,1
303242,1
301008,1
304283,1
301906,1
301310,1
302954,1
304573,1
301212,1
303649,1
300318,1
300205,1
304887,1
303524,1
301962,1
303450,1
300547,1
303093,3
300935,2
300899,1
303482,2
301110,1
304785,1
304241,1
303576,2
301769,1
304942,1
301900,1
304977,2
304174,1
304819,2
302305,1
304731,2
301810,1
300521,2
303661,2
303600,1
303575,1
304327,2
300438,1
300695,3
300478,1
302959,1
302602,1
301690,2
302492,1
303305,1
300487,1
301760,3
300147,1
304688,2
303322,1
304109,1
302258,1
302917,1
304676,2
302338,1
302599,1
301217,1
304809,1
303551,1
301303,2
302182,1
304677,1
304084,2
301063,2
303553,1
300239,2
302330,1
303444,1
303775,1
302939,2
301797,1
302720,1
303401,2
302014,2
301738,1
300051,1
300865,2
302757,3
302373,1
303821,1
304146,3
300844,1
302434,3
300190,1
300390,1
304662,1
300443,2
303594,1
303516,1
301467,1
300092,1
304439,1
300684,1
301371,1
300369,2
302320,1
303181,3
301764,1
300957,1
300984,1
300336,2
301913,1
300118,1
302329,1
302249,2
302654,1
300351,1
301667,1
302891,1
301535,1
303104,2
303944,1
304164,2
304509,1
304930,1
300312,2
301578,2
303994,1
304158,1
301342,1
302983,2
304803,2
303291,2
304393,2
301329,2
304562,1
304835,1
303816,1
300347,1
303074,1
302797,1
300876,1
303486,1
302643,2
301202,1
304224,3
302484,1
304271,3
302725,1
303282,1
303414,1
301511,2
304409,1
302686,1
302724,3
301859,1
303533,1
302616,2
300834,1
302293,1
304776,1
300574,1
301378,1
300313,3
302424,1
300489,1
301564,1
300470,3
302655,1
302190,2
302632,2
303703,1
302075,1
302580,2
301735,1
303409,1
303492,3
304076,1
300372,1
303330,1
304216,2
303225,2
301889,2
300624,1
302914,1
300077,2
300702,1
301237,1
300358,2
300493,1
303063,1
301137,1
300791,2
303662,2
302097,1
303270,1
300386,2
303038,1
302487,1
302127,2
300110,1
302248,1
304228,2
302713,1
300925,1
304022,1
300279,1
301281,1
301517,1
300772,2
300681,1
300179,1
304617,1
300059,1
301391,1
304766,1
303985,1
304976,1
304695,1
304850,2
300418,2
304266,1
301768,1
300258,2
302436,1
301659,1
300112,2
301001,3
302447,1
300937,1
301884,2
303873,1
303803,1
302721,2
302191,1
301427,1
304563,1
304474,1
302587,1
301330,1
303521,1
304595,2
300442,1
300600,2
303355,1
302469,1
300558,1
300428,1
302439,1
304435,1
303520,2
300026,2
301914,2
301169,1
301428,2
300693,1
300248,2
304253,1
304704,1
300162,1
303422,2
302236,2
302433,2
304210,1
303827,1
303950,1
302711,1
304548,2
303281,1
302448,2
300656,1
301224,1
302685,1
303915,2
304445,2
300549,3
303930,2
304984,1
302372,2
302833,2
300290,1
301151,1
300753,1
304490,1
303790,2
302322,1
302769,1
302315,2
300496,3
300829,2
302519,2
304569,1
302408,2
302452,1
303689,1
300816,1
303193,2
301100,1
304836,2
303570,2
303295,1
302360,2
301145,1
301447,1
302753,1
301726,1
304258,1
300340,1
303471,1
301757,1
300341,1
302972,2
303185,2
302739,3
300014,1
303712,1
300645,1
301872,1
300792,1
302678,1
300142,1
304051,1
302526,2
301419,2
301622,1
303603,1
304724,1
302471,1
302325,2
304336,1
303505,1
302459,2
300085,3
303500,1
304673,2
303681,2
302532,2
303941,1
303857,1
302997,2
302901,2
301497,1
301445,1
304181,1
302444,1
300166,2
303993,1
304226,1
303259,1
303902,2
303484,1
303255,1
302066,2
300683,3
302680,1
301782,1
304229,1
302791,3
303335,1
300376,1
301013,2
300646,1
304461,2
303731,1
304650,1
300479,1
302823,1
304960,1
304204,2
302699,1
302081,1
302948,2
300843,1
303273,1
302177,1
300105,2
304551,1
300293,1
300224,2
302726,1
302928,2
302427,3
304348,1
302453,1
300686,2
301850,1
300775,3
304373,2
302310,2
304320,1
301377,1
301655,1
302932,2
304196,3
304074,1
303751,1
301559,1
303585,1
303829,2
300417,2
303092,1
301230,2
303699,1
301820,1
303162,1
304077,1
304601,1
304774,2
300556,1
304702,1
304990,2
304162,2
302817,1
302668,3
301619,1
303263,1
300041,3
300845,1
302900,1
301370,3
301402,3
302451,1
304008,2
303851,1
304997,3
302421,2
302246,2
303353,2
302176,1
302052,1
301747,1
301668,2
300475,1
302811,1
301666,1
304376,1
304050,1
303412,1
303393,2
300473,1
302849,2
301546,2
304167,3
300647,1
302719,2
304438,1
304581,1
302449,1
301078,2
303820,1
301437,2
304671,1
300926,2
302071,1
301272,1
303303,1
303810,1
300619,1
302893,1
302895,2
301475,1
303408,1
304189,3
302615,3
303538,2
302545,2
300821,1
304443,2
302110,1
300050,3
304179,2
303276,1
303496,2
303298,1
300153,2
301915,2
302083,1
302662,2
304869,1
302953,3
303182,1
302820,2
300218,2
304212,1
301886,3
302904,2
301728,1
300905,1
303391,1
301134,1
303224,1
301854,2
300994,1
301252,1
301571,2
303791,1
303891,1
301714,2
302582,1
304488,1
301269,1
300710,2
303056,2
304138,1
304543,1
303432,2
301544,1
300750,1
302896,1
303086,1
300452,1
304431,1
300540,3
302620,1
300773,1
303474,1
304857,2
302022,1
301220,1
301834,1
302314,2
302500,1
300548,1
302839,1
300191,2
301385,1
302046,1
303170,2
301694,1
304358,1
300397,1
302054,3
304163,2
302380,1
300238,3
301058,1
302708,3
304434,2
300425,1
301021,1
302145,2
304681,1
301388,2
302260,1
300045,1
301829,3
301392,2
304094,1
303776,1
300089,2
302018,1
300449,2
304421,1
301398,2
302912,1
302059,1
304691,1
303301,2
301639,1
300345,2
304703,1
300385,1
302982,1
303204,1
304758,1
302479,2
301557,1
301016,1
301294,2
300447,1
303646,1
304449,1
304783,1
301703,2
303779,2
302499,2
303403,1
303342,2
304909,1
304963,2
300159,1
301746,3
302690,1
303847,2
301953,2
304471,1
302432,1
303108,2
302539,1
300405,2
304753,2
304440,1
302133,2
301775,2
304566,1
304245,1
301236,1
302135,2
300202,2
300002,3
304627,1
301390,1
302253,2
301109,1
300209,1
303593,2
303210,1
301903,1
301164,1
302876,2
303047,1
303738,1
304389,2
301197,1
304822,2
300575,2
304168,1
304940,1
303308,1
300398,2
300731,1
301591,1
301842,1
302835,1
304604,1
301122,2
303094,1
300894,3
304259,2
304599,3
304577,1
301789,2
302417,2
302033,3
304325,1
302665,1
302978,1
301892,1
302741,2
303722,1
303613,3
301621,1
300285,1
301022,2
300742,1
303543,2
304090,1
300799,2
302015,1
301166,1
302688,1
304371,1
304991,1
302935,1
304971,2
302455,1
300989,1
303349,2
302113,1
300777,1
304187,2
300538,1
301529,1
300895,1
302779,1
302269,2
304770,2
301187,1
300455,2
300039,1
300554,1
302481,1
302416,2
300127,1
302872,1
304043,1
302765,2
300855,2
301505,1
304513,2
300173,1
304654,2
302348,1
301218,1
302056,2
300607,2
301498,1
304828,1
304951,1
303980,1
303423,1
300471,1
300316,2
301898,2
304236,2
302679,1
300065,1
304908,1
302598,1
303911,1
300361,1
301189,1
300035,3
302303,1
300764,1
300081,1
303856,1
303425,1
303437,2
303265,1
304533,1
301733,1
300974,2
304901,3
304415,1
302483,1
303399,1
304432,1
302199,1
300885,1
303345,1
302548,1
304352,2
304602,1
301155,1
301097,1
304823,1
304475,2
300906,2
303696,1
301506,3
302555,1
300728,2
301969,1
301488,3
300409,2
300734,1
303467,1
301389,1
300315,1
300149,2
303163,1
300682,2
301289,1
303221,1
301824,1
301374,1
301763,1
300880,3
302462,2
303310,2
304856,2
303304,1
302194,2
301432,1
301876,1
300288,1
301479,1
302755,1
302173,1
302740,1
301640,2
300437,2
304739,1
301542,1
302472,1
301922,2
304247,1
300706,1
303665,3
300871,2
302124,1
303258,1
300818,1
302290,3
304498,1
300879,1
300967,2
301345,1
302493,1
302888,2
304616,1
304005,1
300663,2
302938,1
301968,1
300804,1
304154,2
300868,2
302684,1
303826,1
302393,1
300119,2
301147,1
300072,1
303583,1
303599,2
304767,1
300480,1
303325,1
303229,2
301837,1
303789,1
301626,1
302572,2
300015,1
303565,1
304843,1
302272,1
300709,1
300181,2
300527,1
304324,1
304425,1
304357,1
304203,2
300411,1
300749,3
303288,3
304712,2
304516,1
302784,1
300317,1
302132,2
302263,2
302843,1
303239,1
303721,1
303831,1
303862,3
302232,1
303144,1
301309,1
302842,1
300678,2
304180,1
300666,2
304317,1
302267,1
300717,1
302193,3
302577,1
303770,1
302063,2
301195,2
300643,1
300309,1
303383,1
301132,2
303786,1
304030,1
301673,1
304535,1
300431,1
302977,1
303314,1
300616,1
302180,1
300494,1
300545,1
303020,1
302163,1
302443,1
302297,1
302412,1
302262,2
300003,2
302398,3
304378,2
301425,1
300518,2
300657,3
302638,1
302634,2
303884,3
300201,1
302673,1
300363,1
303436,2
302062,1
300930,2
300196,1
304356,1
303870,1
304514,1
300898,1
304833,2
300916,1
303933,1
303293,1
304594,1
300103,2
300831,2
303166,1
303240,1
303794,1
301066,1
300529,2
302516,3
302228,1
304522,2
304370,1
302463,1
303666,1
300111,2
301040,1
300839,1
300121,1
301227,2
302600,1
300765,1
301190,2
302082,2
303869,1
300637,1
300280,1
303449,1
304193,1
301362,1
300699,1
302011,1
303908,1
302222,1
301323,1
302312,1
302383,2
301347,1
300175,2
303152,1
300932,3
302309,2
303420,1
303695,2
304177,1
302030,1
302208,1
303470,1
304065,2
304040,2
300893,1
304062,3
301708,2
303279,3
300921,1
301426,1
302596,1
301442,2
300722,1
302790,2
300959,1
303126,1
304813,1
301719,2
302036,2
304135,2
300837,1
300587,1
302375,2
300897,2
303280,1
302808,2
300451,2
304397,2
300589,1
300131,2
302187,1
300956,2
304953,3
304309,1
301501,1
304641,1
301610,3
300780,1
301112,1
303072,1
304698,1
300716,1
300578,1
300284,1
301184,1
301987,1
303711,2
300012,2
301248,1
304334,1
303205,1
300517,1
304192,2
301614,1
304296,1
304718,2
300440,1
300701,3
301386,1
301897,2
301653,3
302007,1
302027,2
303945,1
301570,1
304350,2
304407,1
302639,1
301942,1
304917,1
300499,1
303359,2
302660,1
300738,1
303004,1
300046,1
303534,3
302591,1
300076,1
303508,3
302146,1
304326,1
303746,2
300307,1
302991,1
304777,1
301129,1
304744,1
303209,1
300254,1
301018,1
303623,2
303033,1
301618,1
302115,2
302392,1
303123,1
300006,2
300235,1
301319,2
302623,2
300973,1
302764,1
300466,1
304858,1
304937,1
302562,2
302894,1
300060,1
301504,2
301056,3
303717,2
303289,1
303679,1
301069,1
300302,1
304892,1
303771,1
300639,1
300552,1
300996,1
303438,2
304993,2
303466,2
301406,1
300069,1
301170,1
303677,2
303324,1
303956,1
304848,1
300826,1
304027,1
304653,1
303419,1
302280,2
304839,1
303549,2
304466,2
300892,1
300524,1
302594,1
302674,1
303895,1
303548,1
301031,2
300174,2
302120,1
303734,1
300265,1
300013,1
302394,2
301754,2
304729,2
301125,2
301537,1
302592,1
300325,1
301295,1
301843,1
303876,1
304123,1
303924,1
302438,2
300381,1
302942,1
300168,1
300979,2
301410,1
304417,2
300300,1
303421,3
301749,2
303806,1
300864,2
303497,2
303641,1
301106,1
301321,1
304299,1
303118,1
301580,1
300593,1
300467,1
300219,1
303997,1
301750,1
301101,1
303302,1
300138,1
301909,2
302377,2
302907,1
302777,3
301270,1
302243,1
304812,1
304880,1
301596,1
301251,1
304633,1
301792,1
304544,2
300461,1
301849,1
302657,2
302123,2
304053,1
303323,1
300186,1
300640,1
302752,1
303352,1
303130,3
300189,1
301174,2
300134,1
300430,1
304368,1
303319,3
300802,1
301776,1
303973,1
300243,2
303772,1
303227,1
300244,1
302524,2
300627,3
304119,1
303939,1
300805,1
302395,3
300873,2
300998,1
301042,2
304582,2
301160,1
304609,3
304923,1
304706,1
302319,2
300704,1
301299,1
300444,2
304896,2
304128,2
303569,2
300380,1
304578,2
301207,1
304806,1
300454,1
302550,1
303622,1
301646,2
302534,1
301873,1
300446,1
304778,1
301146,1
304761,1
303096,1
303714,1
304230,2
302205,1
302239,1
300523,1
304593,1
302773,1
304958,2
303079,1
304524,1
303804,1
302941,1
304304,1
300481,2
300240,2
304322,2
304716,3
303328,1
303493,2
301508,2
302621,1
301926,1
302254,2
303341,2
302009,1
303952,2
301899,1
302150,1
304361,1
301638,3
303605,1
301407,2
304377,1
301409,2
303297,1
300724,1
304033,2
304281,2
303142,2
304125,2
304160,2
303988,2
304293,2
301543,1
303889,2
303921,1
300263,2
303178,1
302552,1
304344,1
304134,1
301430,1
302192,2
304347,1
304107,1
304603,1
304683,1
300037,2
304920,1
300301,1
304956,2
302016,1
303188,1
302068,1
302406,1
303897,1
302838,1
302037,1
304486,1
303651,1
304287,1
304314,1
300287,3
303458,1
304527,2
304610,2
300966,1
301394,1
303780,1
303157,2
300132,1
302386,1
300904,1
304070,1
304464,1
301796,1
300668,1
302837,1
303060,1
303124,1
300423,1
301353,1
300484,1
301623,2
301086,2
301721,1
301524,1
303358,1
302968,2
304244,2
301832,1
303023,3
301814,1
301679,3
302950,1
300597,1
302399,2
301518,1
303814,1
301693,1
301541,1
303750,2
302478,1
304635,1
302094,1
302149,2
301233,2
304171,2
301966,2
301825,1
300457,2
303300,1
303015,2
302428,2
302565,1
303544,1
300953,1
300502,1
304757,1
300393,1
304722,1
303690,2
301139,3
300615,1
300407,1
300469,1
303702,1
300272,2
301663,1
304957,2
301277,1
303637,3
302610,1
300875,2
302023,1
301950,1
300200,1
302264,2
302277,1
302964,1
301300,1
304115,2
300903,3
304111,2
300360,2
300506,1
300101,1
304252,1
300630,1
304966,1
303039,1
303136,2
303983,1
302270,1
304875,1
303238,2
301382,2
300890,1
302282,1
300795,1
300025,2
301992,3
303736,2
300152,1
300809,1
301734,1
302257,1
302544,2
300490,2
302897,2
303246,2
301298,2
303127,1
301632,2
300767,1
303177,1
300511,1
300918,1
300459,2
303244,2
304243,1
303710,1
301581,1
304780,1
301732,1
300367,1
303527,1
303706,1
300464,2
301280,1
304078,1
304413,1
303106,2
301587,1
302437,1
301144,2
303249,2
301005,1
301424,1
302470,1
304120,1
300623,1
301951,2
301911,1
300227,1
301944,2
301439,2
303150,1
301807,2
303684,1
304552,3
303260,2
301064,1
304657,1
302698,2
303601,2
302276,1
303705,1
302958,2
300907,2
303845,2
304737,1
303767,1
300401,3
304567,3
304148,1
304844,2
302836,3
301893,2
301742,2
302993,1
302826,2
301613,2
300732,2
302676,1
304129,1
300923,1
304721,1
301835,1
301766,1
303577,1
303531,1
304441,1
300252,1
300946,3
302635,1
300943,2
302172,1
303893,1
303559,1
302196,1
300696,1
300626,1
304118,1
303186,1
302830,1
302627,1
301142,1
303664,1
302531,2
302311,2
301891,1
304623,1
301830,2
303452,1
303843,2
304364,1
300230,2
304063,1
304640,1
303389,2
303213,1
302111,1
303540,1
301712,1
300193,2
300635,1
301730,1
301007,2
301547,2
303112,1
300936,2
301241,3
304625,1
301472,1
300184,2
300500,1
303907,1
300402,2
302960,1
300781,3
304802,3
301376,1
304827,1
300900,1
300824,1
304549,2
302819,3
303765,1
302102,1
300673,1
300726,1
302906,2
301198,2
301023,1
301952,2
301096,2
303890,2
301649,1
302642,1
301771,1
302787,2
300054,2
304881,1
302731,1
301158,1
301532,1
300125,3
303434,1
304121,1
304369,1
302744,2
302374,2
300878,2
301627,1
304675,2
304884,1
301454,1
302031,1
303197,1
301117,2
302468,2
302560,1
301188,2
303344,1
303905,1
304607,1
301030,2
300379,1
302976,1
303395,1
301219,1
300249,1
303005,1
301921,1
303848,3
302804,1
300958,2
304342,1
304428,1
303051,1
303550,1
303515,1
300951,1
301113,2
302568,1
300448,1
300491,2
303424,2
304235,1
303158,2
304462,1
300934,1
300264,2
302951,1
303916,3
303250,2
303405,2
301780,2
302060,1
300754,1
302705,2
302963,1
300612,2
300109,2
303974,3
301500,3
303519,3
303216,1
304849,1
300986,1
303846,2
300096,1
303989,1
302118,1
301359,1
302652,1
302946,2
301089,1
300237,2
304399,2
303098,3
301574,1
302337,2
301748,3
303477,1
303483,1
304367,2
304592,1
300577,2
303105,1
302020,1
300066,1
301136,1
301695,3
302831,3
303041,1
301818,1
302745,2
304387,1
303657,1
302369,1
302518,1
300355,1
303159,1
302863,1
304232,1
302734,2
301853,2
302969,2
300053,1
302648,2
302659,1
303388,1
301964,1
303392,2
303552,1
301364,1
302628,2
301344,1
302595,1
303430,2
304427,2
304986,1
303362,2
300292,1
304865,1
304311,2
304586,1
301373,1
301773,1
304852,2
304895,3
302689,1
